200 1 4.03548 0.772625 0.764237 
200 2 1.01018 0.194685 0.192591 
200 3 0.455474 0.0867906 0.0858482 
200 4 0.266242 0.0504554 0.0499052 
200 5 0.184863 0.0349992 0.0346145 
200 6 0.146635 0.027634 0.0273245 
200 7 0.13044 0.0245723 0.0242909 
200 8 0.126614 0.0238161 0.0235366 
200 9 0.13038 0.0242271 0.0239336 
200 10 0.140566 0.0260663 0.0257424 
200 11 0.155073 0.0289147 0.0285531 
200 12 0.173435 0.0321536 0.0317438 
200 13 0.194952 0.0361862 0.0357225 
200 14 0.219476 0.0404086 0.0398817 
200 15 0.246603 0.0456807 0.0450864 
200 16 0.276107 0.0514367 0.050768 
200 17 0.30811 0.0570343 0.0562852 
200 18 0.34258 0.0637161 0.0628811 
200 19 0.37956 0.0702727 0.069346 
200 20 0.418154 0.0774142 0.0763915 
200 25 0.645659 0.119446 0.117857 
200 30 0.925905 0.171794 0.16951 
200 35 1.25639 0.232645 0.229544 
200 40 1.64244 0.30625 0.302189 
200 45 2.07905 0.387198 0.382057 
200 50 2.56724 0.477265 0.470919 
200 55 3.1047 0.578221 0.570538 
200 60 3.69289 0.689077 0.679936 
220 1 3.37135 0.647874 0.627619 
220 2 0.845362 0.162128 0.157062 
220 3 0.381027 0.0730737 0.070798 
220 4 0.22286 0.0426118 0.041277 
220 5 0.154799 0.0298148 0.0288823 
220 6 0.122674 0.0238278 0.0230755 
220 7 0.109085 0.0211188 0.020434 
220 8 0.105552 0.0199665 0.0192867 
220 9 0.109066 0.0209111 0.0201952 
220 10 0.11712 0.0223523 0.0215689 
220 11 0.129205 0.0243472 0.0234688 
220 12 0.144618 0.0272982 0.0263047 
220 13 0.162494 0.0301327 0.0290077 
220 14 0.183075 0.0337415 0.0324643 
220 15 0.20497 0.0387037 0.0372682 
220 16 0.229672 0.0431297 0.0415129 
220 17 0.256087 0.0481374 0.0463312 
220 18 0.284896 0.0531239 0.0511073 
220 19 0.315244 0.0587209 0.0564893 
220 20 0.347699 0.0647333 0.0622651 
220 25 0.536161 0.0996019 0.0957715 
220 30 0.768873 0.14289 0.13739 
220 35 1.0431 0.194101 0.186626 
220 40 1.36288 0.255913 0.24614 
220 45 1.72146 0.3218 0.309442 
220 50 2.12662 0.396134 0.38086 
220 55 2.57369 0.480444 0.461945 
220 60 3.06496 0.573707 0.5517 
240 1 2.83165 0.539374 0.538048 
240 2 0.71054 0.135299 0.134967 
240 3 0.320249 0.0607662 0.060617 
240 4 0.1875 0.0354663 0.0353787 
240 5 0.130371 0.0246347 0.0245732 
240 6 0.103522 0.0195577 0.0195082 
240 7 0.091645 0.0171711 0.0171261 
240 8 0.0887818 0.0165558 0.0165112 
240 9 0.0915692 0.0170338 0.0169867 
240 10 0.0986122 0.0183723 0.0183207 
240 11 0.108321 0.0201419 0.0200845 
240 12 0.121141 0.0222824 0.0222174 
240 13 0.135641 0.0248918 0.0248186 
240 14 0.152623 0.0284099 0.0283267 
240 15 0.171371 0.0316259 0.031532 
240 16 0.192099 0.0358448 0.0357392 
240 17 0.213988 0.0395124 0.0393944 
240 18 0.237826 0.0442094 0.044078 
240 19 0.263224 0.0489125 0.0487667 
240 20 0.290524 0.0538128 0.0536518 
240 25 0.447688 0.0826332 0.0823835 
240 30 0.641563 0.119277 0.118919 
240 35 0.872325 0.161572 0.161084 
240 40 1.13904 0.209366 0.20873 
240 45 1.44039 0.267384 0.266577 
240 50 1.77576 0.326929 0.325935 
240 55 2.14901 0.396983 0.395778 
240 60 2.56128 0.473931 0.472497 
260 1 2.40036 0.454688 0.446431 
260 2 0.601753 0.114783 0.112713 
260 3 0.271278 0.0517689 0.0508398 
260 4 0.158628 0.0300653 0.0295194 
260 5 0.11019 0.0210314 0.0206495 
260 6 0.0873935 0.0165464 0.0162375 
260 7 0.077504 0.0145737 0.0142933 
260 8 0.0749411 0.0140527 0.0137753 
260 9 0.0772887 0.0144312 0.0141384 
260 10 0.0830386 0.0155028 0.0151826 
260 11 0.0914755 0.0169961 0.0166377 
260 12 0.10216 0.0190657 0.0186616 
260 13 0.114593 0.0213368 0.0208795 
260 14 0.128686 0.0241219 0.0236053 
260 15 0.144298 0.0268136 0.0262315 
260 16 0.161504 0.0300752 0.0294208 
260 17 0.180486 0.0335803 0.0328484 
260 18 0.200292 0.0369952 0.0361799 
260 19 0.221564 0.0408878 0.0399839 
260 20 0.244236 0.0454694 0.0444724 
260 25 0.376779 0.0698523 0.0683052 
260 30 0.540113 0.100223 0.0980004 
260 35 0.733934 0.135695 0.13267 
260 40 0.957705 0.177536 0.173589 
260 45 1.21201 0.222491 0.217495 
260 50 1.493 0.276826 0.270653 
260 55 1.81084 0.336992 0.329525 
260 60 2.15591 0.39837 0.389483 
280 1 2.03457 0.391069 0.387233 
280 2 0.510843 0.0983352 0.0973738 
280 3 0.230318 0.0439307 0.0434971 
280 4 0.134841 0.0258898 0.0256349 
280 5 0.0933858 0.0177332 0.0175548 
280 6 0.0742947 0.0141013 0.0139566 
280 7 0.0658318 0.0124366 0.0123055 
280 8 0.0636511 0.0120131 0.0118832 
280 9 0.0656161 0.0123609 0.0122239 
280 10 0.070451 0.0132147 0.0130648 
280 11 0.077535 0.014478 0.0143109 
280 12 0.0855176 0.0169555 0.0167732 
280 13 0.0970587 0.018141 0.0179278 
280 14 0.10899 0.0206213 0.0203807 
280 15 0.122489 0.0228151 0.0225434 
280 16 0.136699 0.025632 0.025327 
280 17 0.152652 0.0286886 0.0283477 
280 18 0.169333 0.0315914 0.0312119 
280 19 0.18738 0.0350638 0.0346435 
280 20 0.206626 0.0386283 0.0381637 
280 25 0.318653 0.0592385 0.0585199 
280 30 0.456661 0.085251 0.084221 
280 35 0.620642 0.116271 0.114868 
280 40 0.809567 0.151505 0.149674 
280 45 1.02513 0.192935 0.190618 
280 50 1.26748 0.237108 0.234245 
280 55 1.5313 0.285551 0.282088 
280 60 1.82087 0.341955 0.337834 
300 1 1.73482 0.32555 0.314276 
300 2 0.435046 0.0823165 0.0794913 
300 3 0.196151 0.0369655 0.0356923 
300 4 0.114927 0.0215438 0.0207933 
300 5 0.0796771 0.0149617 0.014436 
300 6 0.0631967 0.0118225 0.0113979 
300 7 0.055972 0.0104498 0.0100646 
300 8 0.0540803 0.0100207 0.00963956 
300 9 0.0556801 0.0103231 0.00992219 
300 10 0.0597532 0.0110175 0.010579 
300 11 0.0656958 0.0120954 0.0116067 
300 12 0.0732827 0.0134716 0.0129199 
300 13 0.0822271 0.0150987 0.0144746 
300 14 0.0923313 0.0169253 0.0162202 
300 15 0.103556 0.0189463 0.0181507 
300 16 0.115863 0.0210572 0.0201641 
300 17 0.139769 0.0365164 0.0352733 
300 18 0.143678 0.0264197 0.0253086 
300 19 0.158741 0.0293202 0.028089 
300 20 0.175137 0.0320477 0.0306889 
300 25 0.269905 0.0492669 0.0471643 
300 30 0.386438 0.0708504 0.0678314 
300 35 0.525176 0.0961785 0.0920756 
300 40 0.685582 0.125749 0.120392 
300 45 0.866928 0.158986 0.152205 
300 50 1.07307 0.196438 0.18807 
300 55 1.29532 0.237422 0.227297 
300 60 1.5387 0.281634 0.269578 
320 1 1.48153 0.279997 0.28122 
320 2 0.371056 0.0697101 0.0700163 
320 3 0.167554 0.0315622 0.0317005 
320 4 0.098087 0.0185145 0.0185958 
320 5 0.0679722 0.0127507 0.0128077 
320 6 0.0538489 0.0100313 0.0100773 
320 7 0.0477143 0.00885778 0.00889959 
320 8 0.0460973 0.00857431 0.0086157 
320 9 0.0473957 0.00872015 0.00876362 
320 10 0.0508263 0.00934276 0.00939027 
320 11 0.0558644 0.0102774 0.0103304 
320 12 0.0622785 0.0114068 0.0114665 
320 13 0.069872 0.0128256 0.012893 
320 14 0.0784645 0.0143869 0.0144632 
320 15 0.0880813 0.0161138 0.0161999 
320 16 0.0985113 0.0180282 0.0181246 
320 17 0.109585 0.0200246 0.0201324 
320 18 0.122313 0.0224865 0.0226068 
320 19 0.134795 0.0245409 0.024674 
320 20 0.148706 0.0272573 0.0274044 
320 25 0.229136 0.0417647 0.0419917 
320 30 0.328252 0.0598911 0.0602172 
320 35 0.446243 0.0817886 0.0822323 
320 40 0.582111 0.106127 0.106706 
320 45 0.735848 0.134844 0.135576 
320 50 0.909051 0.1657 0.166605 
320 55 1.10122 0.201246 0.202341 
320 60 1.31009 0.238291 0.239591 
340 1 1.26428 0.239867 0.235908 
340 2 0.317763 0.0600332 0.0590418 
340 3 0.143402 0.0274633 0.027015 
340 4 0.0839611 0.0159141 0.0156503 
340 5 0.0582333 0.0109574 0.0107723 
340 6 0.0461326 0.00869457 0.00854512 
340 7 0.0408152 0.00765374 0.00751821 
340 8 0.0394614 0.00738446 0.00725017 
340 9 0.0405269 0.00756811 0.00742704 
340 10 0.0434597 0.00805977 0.00790547 
340 11 0.0477658 0.00883019 0.00865836 
340 12 0.0532567 0.00987266 0.00967921 
340 13 0.0596901 0.0110258 0.0108073 
340 14 0.0669996 0.0123849 0.0121381 
340 15 0.0751577 0.0138807 0.0136026 
340 16 0.084126 0.0155416 0.0152292 
340 17 0.0937774 0.0173198 0.0169707 
340 18 0.104261 0.0192952 0.0189067 
340 19 0.1152 0.0214612 0.0210304 
340 20 0.126908 0.0230977 0.0226229 
340 25 0.195567 0.0361973 0.035463 
340 30 0.280486 0.0518509 0.0507966 
340 35 0.380723 0.0700379 0.0686059 
340 40 0.496365 0.0915933 0.0897253 
340 45 0.628157 0.115486 0.113119 
340 50 0.775229 0.143112 0.140193 
340 55 0.937972 0.172559 0.169025 
340 60 1.11939 0.205273 0.201061 
360 1 1.09113 0.209164 0.207512 
360 2 0.274027 0.0525147 0.0521005 
360 3 0.12374 0.0237324 0.0235454 
360 4 0.0723749 0.0137839 0.0136737 
360 5 0.0501604 0.00951667 0.00943941 
360 6 0.039736 0.00750249 0.00744016 
360 7 0.0351716 0.00662401 0.00656743 
360 8 0.0339439 0.00636166 0.0063057 
360 9 0.0348564 0.00653938 0.00648059 
360 10 0.037369 0.00701886 0.00695466 
360 11 0.0410377 0.00767858 0.00760715 
360 12 0.0457006 0.00852953 0.00844915 
360 13 0.0512787 0.00958335 0.0094924 
360 14 0.0575767 0.0107236 0.010621 
360 15 0.0645581 0.0120491 0.0119334 
360 16 0.0722292 0.0134796 0.0133497 
360 17 0.0804925 0.0149841 0.0148391 
360 18 0.0894069 0.0166568 0.0164952 
360 19 0.0989724 0.0184553 0.0182761 
360 20 0.108784 0.0202782 0.0200805 
360 25 0.16795 0.031003 0.0306981 
360 30 0.240844 0.044862 0.0444233 
360 35 0.326797 0.0607754 0.06018 
360 40 0.426175 0.0790352 0.078258 
360 45 0.539398 0.10004 0.0990553 
360 50 0.66541 0.123714 0.122499 
360 55 0.805334 0.149054 0.147583 
360 60 0.957632 0.177477 0.175731 
380 1 0.945663 0.180779 0.17529 
380 2 0.236586 0.0449148 0.0435403 
380 3 0.106952 0.0202024 0.0195799 
380 4 0.0625639 0.0118683 0.0115025 
380 5 0.043351 0.00824455 0.00798836 
380 6 0.0343125 0.0064268 0.0062201 
380 7 0.0303214 0.00567527 0.00548783 
380 8 0.0292765 0.00547452 0.00528921 
380 9 0.0300753 0.00558252 0.00538793 
380 10 0.0321966 0.00596229 0.00575011 
380 11 0.0353724 0.00657243 0.00633558 
380 12 0.0394321 0.00733362 0.0070673 
380 13 0.044177 0.0081765 0.00787555 
380 14 0.0496462 0.00920385 0.00886315 
380 15 0.0556385 0.0102881 0.00990459 
380 16 0.0621973 0.0115354 0.011105 
380 17 0.0692785 0.0127935 0.012314 
380 18 0.0770821 0.0142732 0.0137372 
380 19 0.0852252 0.0157625 0.0151693 
380 20 0.0939149 0.0173979 0.0167431 
380 25 0.144754 0.0269311 0.0259186 
380 30 0.20702 0.037946 0.0364997 
380 35 0.281732 0.0519164 0.0499389 
380 40 0.367698 0.0678095 0.0652301 
380 45 0.464654 0.0860253 0.0827636 
380 50 0.573529 0.105971 0.101941 
380 55 0.693752 0.128292 0.12342 
380 60 0.825702 0.152701 0.146906 
400 1 0.817293 0.154313 0.152702 
400 2 0.205217 0.0387074 0.0383032 
400 3 0.0923593 0.0172443 0.0170617 
400 4 0.0541276 0.0101792 0.0100716 
400 5 0.0375141 0.00702678 0.00695131 
400 6 0.0297231 0.00558397 0.00552302 
400 7 0.0262578 0.00491217 0.00485693 
400 8 0.0253241 0.00469429 0.00463967 
400 9 0.0259852 0.00477215 0.00471485 
400 10 0.0278294 0.00512905 0.00506652 
400 11 0.0305646 0.00562618 0.00555643 
400 12 0.0340446 0.00625122 0.00617288 
400 13 0.0381452 0.00697335 0.0068849 
400 14 0.0428077 0.00781644 0.00771655 
400 15 0.0479733 0.00877555 0.00866306 
400 16 0.0536735 0.00982321 0.00969701 
400 17 0.0598377 0.0109238 0.0107827 
400 18 0.0664398 0.0121391 0.0119823 
400 19 0.0735063 0.0134377 0.0132637 
400 20 0.0810289 0.0147876 0.0145957 
400 25 0.124704 0.02297 0.0226731 
400 30 0.178813 0.032771 0.0323455 
400 35 0.242449 0.0440379 0.0434594 
400 40 0.31647 0.0574781 0.0567238 
400 45 0.400459 0.0731125 0.0721573 
400 50 0.494442 0.090246 0.0890673 
400 55 0.597952 0.108957 0.10753 
400 60 0.711525 0.130075 0.128377 
420 1 0.709693 0.133752 0.130573 
420 2 0.17781 0.0336084 0.0328118 
420 3 0.0802742 0.0151012 0.0147412 
420 4 0.0469946 0.0088216 0.0086094 
420 5 0.0325922 0.00614246 0.0059935 
420 6 0.0257916 0.00480734 0.00468691 
420 7 0.02279 0.00425293 0.00414411 
420 8 0.0219678 0.00408404 0.00397651 
420 9 0.0225157 0.00415172 0.00403879 
420 10 0.0241265 0.00445939 0.00433612 
420 11 0.0264722 0.00485504 0.00471779 
420 12 0.0294568 0.00539922 0.00524486 
420 13 0.0330036 0.00608051 0.00590601 
420 14 0.0370553 0.00679272 0.00659603 
420 15 0.0414916 0.00760849 0.00738721 
420 16 0.0464476 0.00853058 0.00828177 
420 17 0.0517692 0.00950533 0.00922754 
420 18 0.0575043 0.0105208 0.0102118 
420 19 0.0635989 0.0116751 0.0113328 
420 20 0.070048 0.0128647 0.0124872 
420 25 0.10772 0.0199352 0.0193521 
420 30 0.154703 0.0285381 0.0277004 
420 35 0.20991 0.0385441 0.0374064 
420 40 0.273808 0.0503239 0.0488393 
420 45 0.346332 0.0632166 0.0613385 
420 50 0.427623 0.0779816 0.0756617 
420 55 0.517053 0.0948813 0.0920765 
420 60 0.615694 0.112751 0.10941 
440 1 0.613726 0.118792 0.111158 
440 2 0.154128 0.0298435 0.0279269 
440 3 0.0695003 0.0134354 0.0125693 
440 4 0.0406714 0.00785287 0.00734304 
440 5 0.0281807 0.00544468 0.00508697 
440 6 0.0222943 0.00426839 0.00397929 
440 7 0.0196991 0.00375033 0.00348791 
440 8 0.018947 0.00360494 0.00334629 
440 9 0.0194883 0.00369839 0.00342682 
440 10 0.0208149 0.00394186 0.00364645 
440 11 0.0228729 0.00433253 0.00400341 
440 12 0.0254709 0.00477581 0.00440534 
440 13 0.0285002 0.00534918 0.00493189 
440 14 0.0319787 0.006035 0.00556447 
440 15 0.0358181 0.0067354 0.00620587 
440 16 0.0400933 0.00755339 0.00695914 
440 17 0.04466 0.00838581 0.007721 
440 18 0.0495789 0.00934199 0.0086034 
440 19 0.0548644 0.0103495 0.00953107 
440 20 0.0604468 0.0113765 0.0104741 
440 25 0.0930279 0.0174961 0.0161017 
440 30 0.133322 0.0249283 0.0229272 
440 35 0.182543 0.0354348 0.0326398 
440 40 0.236572 0.0444893 0.0409276 
440 45 0.298359 0.0561131 0.0516258 
440 50 0.368819 0.069451 0.0639066 
440 55 0.446489 0.0841341 0.0774202 
440 60 0.530769 0.100074 0.0920918 
460 1 0.539035 0.102677 0.0996401 
460 2 0.13498 0.0254352 0.0246768 
460 3 0.0609234 0.0115762 0.0112333 
460 4 0.0356485 0.0067513 0.00654935 
460 5 0.0247317 0.00467847 0.00453674 
460 6 0.0195236 0.00366398 0.00354946 
460 7 0.0172629 0.00321372 0.00310985 
460 8 0.0166182 0.00312616 0.0030239 
460 9 0.017027 0.00315548 0.00304787 
460 10 0.0182246 0.00336429 0.00324727 
460 11 0.0199808 0.00370702 0.00357683 
460 12 0.0222629 0.00408543 0.00393903 
460 13 0.0249114 0.0045669 0.00440166 
460 14 0.0279756 0.00517426 0.00498809 
460 15 0.0313316 0.0057866 0.00557687 
460 16 0.0350633 0.00644455 0.00620921 
460 17 0.0390542 0.00720923 0.0069465 
460 18 0.0434311 0.00796539 0.00767209 
460 19 0.0479674 0.00886563 0.00854229 
460 20 0.0529008 0.00974652 0.00938805 
460 25 0.0813739 0.0150008 0.014448 
460 30 0.116585 0.0216418 0.0208504 
460 35 0.158157 0.0292247 0.0281452 
460 40 0.206745 0.0380499 0.0366453 
460 45 0.261147 0.0478441 0.0460629 
460 50 0.322836 0.0595337 0.0573325 
460 55 0.389789 0.0717183 0.0690663 
460 60 0.463807 0.0852205 0.0820627 
480 1 0.470966 0.0888057 0.0830703 
480 2 0.118261 0.0221775 0.0207399 
480 3 0.0532921 0.0100437 0.0093941 
480 4 0.0312117 0.00587135 0.00548805 
480 5 0.0215842 0.00406006 0.0037914 
480 6 0.017084 0.00316623 0.00294986 
480 7 0.0150607 0.00280023 0.0026041 
480 8 0.0144873 0.00271241 0.00251978 
480 9 0.0148644 0.00274966 0.00254696 
480 10 0.0158584 0.00292452 0.00270434 
480 11 0.0174147 0.00319173 0.00294748 
480 12 0.0193608 0.00356339 0.00328822 
480 13 0.021667 0.00399305 0.00368333 
480 14 0.0243338 0.00444877 0.00409891 
480 15 0.0272929 0.00502471 0.00463107 
480 16 0.0305101 0.00560922 0.00516773 
480 17 0.034032 0.00624557 0.00575176 
480 18 0.0377422 0.00691292 0.00636456 
480 19 0.0417536 0.00767056 0.00706163 
480 20 0.046017 0.00846737 0.00779604 
480 25 0.0708523 0.0129834 0.0119458 
480 30 0.101607 0.0187231 0.0172318 
480 35 0.137701 0.0252255 0.0232033 
480 40 0.179774 0.0327375 0.0301004 
480 45 0.227554 0.0415859 0.0382469 
480 50 0.280509 0.0513222 0.0472016 
480 55 0.339618 0.0621099 0.0571152 
480 60 0.40412 0.0741588 0.0682186 
500 1 0.413185 0.0783715 0.0780442 
500 2 0.103603 0.0196025 0.0195205 
500 3 0.0467164 0.00885331 0.00881624 
500 4 0.0273613 0.00517647 0.00515461 
500 5 0.018903 0.00357877 0.00356348 
500 6 0.0149417 0.0028117 0.00279934 
500 7 0.013209 0.00245439 0.00244321 
500 8 0.0127227 0.0023789 0.0023679 
500 9 0.0130233 0.00243756 0.00242603 
500 10 0.0139251 0.00259946 0.00258686 
500 11 0.0152737 0.00283429 0.00282033 
500 12 0.0169927 0.00316998 0.00315427 
500 13 0.0190165 0.00355829 0.00354054 
500 14 0.0213093 0.00399061 0.00397066 
500 15 0.023874 0.00443525 0.00441277 
500 16 0.0267066 0.00496298 0.0049377 
500 17 0.029781 0.00552812 0.00549996 
500 18 0.0330373 0.00616257 0.00613129 
500 19 0.0364914 0.0067591 0.00672451 
500 20 0.040271 0.00748499 0.00744673 
500 25 0.0619286 0.011474 0.0114151 
500 30 0.0886502 0.0164477 0.0163632 
500 35 0.120627 0.0222481 0.0221333 
500 40 0.157425 0.029336 0.0291856 
500 45 0.198619 0.0368123 0.0366222 
500 50 0.245088 0.0455366 0.0453027 
500 55 0.297237 0.055283 0.0549985 
500 60 0.353018 0.0652333 0.0648968 
520 1 0.363706 0.0690073 0.0671602 
520 2 0.0912937 0.0173128 0.016849 
520 3 0.0412089 0.00782021 0.00761055 
520 4 0.0240867 0.00456272 0.00443938 
520 5 0.0166554 0.00313643 0.00304993 
520 6 0.0131774 0.00248127 0.00241162 
520 7 0.0116248 0.00214901 0.00208606 
520 8 0.0111473 0.00207558 0.00201351 
520 9 0.0114221 0.00212857 0.00206371 
520 10 0.0121978 0.00226575 0.00219513 
520 11 0.0134022 0.00251522 0.00243672 
520 12 0.0149029 0.00274763 0.00265947 
520 13 0.0167016 0.00308957 0.00299012 
520 14 0.0186992 0.00347492 0.00336304 
520 15 0.0209532 0.0038564 0.00373042 
520 16 0.0234574 0.0043384 0.0041969 
520 17 0.0261483 0.00483393 0.00467602 
520 18 0.0290178 0.00541559 0.00523982 
520 19 0.0320773 0.00592588 0.00573119 
520 20 0.03534 0.00658385 0.00636911 
520 25 0.0543594 0.010104 0.00977273 
520 30 0.0779164 0.0144079 0.0139321 
520 35 0.105696 0.0197124 0.0190666 
520 40 0.137817 0.0256445 0.0248006 
520 45 0.1747 0.0323353 0.0312692 
520 50 0.215416 0.040156 0.0388403 
520 55 0.260619 0.0482441 0.0466523 
520 60 0.310348 0.057524 0.0556294 
540 1 0.320084 0.0609226 0.0597415 
540 2 0.0803328 0.0152877 0.0149915 
540 3 0.0362128 0.00689202 0.00675821 
540 4 0.0211935 0.00405338 0.00397463 
540 5 0.0146608 0.00278262 0.00272747 
540 6 0.0115739 0.00219083 0.00214637 
540 7 0.0102394 0.00193176 0.00189164 
540 8 0.00980335 0.0018281 0.0017885 
540 9 0.0100551 0.00188325 0.00184186 
540 10 0.0107251 0.00199625 0.00195128 
540 11 0.0117742 0.00218133 0.00213129 
540 12 0.0130697 0.00244499 0.0023889 
540 13 0.0146286 0.00271902 0.00265556 
540 14 0.0164125 0.00306923 0.00299776 
540 15 0.0183879 0.00344639 0.00336619 
540 16 0.0205511 0.00382534 0.00373514 
540 17 0.022937 0.00428792 0.00418711 
540 18 0.0254773 0.00472284 0.00461067 
540 19 0.0281786 0.00522719 0.00510288 
540 20 0.0310262 0.00579588 0.00565887 
540 25 0.0477549 0.00889256 0.00868077 
540 30 0.0684024 0.0127414 0.0124378 
540 35 0.09293 0.0172859 0.0168731 
540 40 0.120859 0.0225353 0.021997 
540 45 0.15357 0.0286076 0.0279269 
540 50 0.189165 0.0355009 0.0346613 
540 55 0.228831 0.0424495 0.0414321 
540 60 0.272387 0.0507942 0.0495844 
560 1 0.282652 0.0542108 0.0539965 
560 2 0.0709295 0.0136623 0.0136087 
560 3 0.0319876 0.00613047 0.00610621 
560 4 0.0187248 0.00360145 0.00358716 
560 5 0.0129435 0.00245834 0.00244834 
560 6 0.0102629 0.00196046 0.0019524 
560 7 0.00901666 0.00171401 0.00170673 
560 8 0.00865734 0.00163856 0.00163139 
560 9 0.00886986 0.00167962 0.0016721 
560 10 0.00946817 0.00178637 0.00177821 
560 11 0.0103735 0.00195769 0.00194866 
560 12 0.01151 0.00215237 0.00214225 
560 13 0.0128991 0.00243823 0.00242679 
560 14 0.0144435 0.0027154 0.0027025 
560 15 0.0162208 0.00305765 0.00304312 
560 16 0.0181376 0.00338995 0.0033737 
560 17 0.0201861 0.0037449 0.00372673 
560 18 0.0224302 0.00421816 0.00419793 
560 19 0.0247709 0.00462519 0.0046028 
560 20 0.0272961 0.0050669 0.00504222 
560 25 0.0420392 0.0078259 0.00778782 
560 30 0.0602029 0.0112229 0.0111683 
560 35 0.0817526 0.0152556 0.0151813 
560 40 0.10681 0.0197996 0.0197027 
560 45 0.13481 0.0251233 0.0250005 
560 50 0.166654 0.031016 0.0308645 
560 55 0.201601 0.0374997 0.0373164 
560 60 0.239672 0.0445318 0.0443137 
580 1 0.250132 0.0477751 0.0477752 
580 2 0.0627384 0.0120072 0.0120072 
580 3 0.028271 0.00540604 0.00540604 
580 4 0.0165656 0.0031749 0.0031749 
580 5 0.0114615 0.00215689 0.00215689 
580 6 0.0090435 0.00171516 0.00171516 
580 7 0.00796356 0.00150052 0.00150052 
580 8 0.00764852 0.00143947 0.00143947 
580 9 0.00782742 0.00146678 0.00146678 
580 10 0.0083527 0.00156617 0.00156617 
580 11 0.00915646 0.00170806 0.00170806 
580 12 0.0101535 0.00188308 0.00188308 
580 13 0.0113751 0.00210191 0.00210191 
580 14 0.0127577 0.00238205 0.00238205 
580 15 0.0142862 0.002655 0.002655 
580 16 0.0159637 0.0029824 0.0029824 
580 17 0.0177899 0.00330324 0.00330324 
580 18 0.0197709 0.00369306 0.00369306 
580 19 0.0218515 0.00409763 0.00409763 
580 20 0.0240808 0.00449566 0.00449566 
580 25 0.0370584 0.00691664 0.00691664 
580 30 0.0530927 0.00988619 0.00988619 
580 35 0.0720578 0.0133947 0.0133947 
580 40 0.0940511 0.0175094 0.0175094 
580 45 0.118929 0.021999 0.021999 
580 50 0.146685 0.0273443 0.0273443 
580 55 0.177571 0.0330219 0.0330219 
580 60 0.211481 0.039347 0.039347 
600 1 0.222198 0.0432457 0.0435762 
600 2 0.0557008 0.0108512 0.0109339 
600 3 0.0251459 0.00488564 0.0049231 
600 4 0.0147079 0.00285952 0.00288159 
600 5 0.0101481 0.0019749 0.00199033 
600 6 0.00803704 0.00156052 0.00157296 
600 7 0.00707191 0.00136018 0.00137138 
600 8 0.00679552 0.00130249 0.00131353 
600 9 0.00694747 0.00132809 0.00133962 
600 10 0.00741674 0.00141454 0.00142706 
600 11 0.00812057 0.00154427 0.00155814 
600 12 0.00903038 0.00172363 0.00173922 
600 13 0.0101002 0.00191951 0.00193705 
600 14 0.0113283 0.00213778 0.00215757 
600 15 0.0127083 0.00242569 0.00244799 
600 16 0.014149 0.00268322 0.00270818 
600 17 0.0158104 0.00301714 0.003045 
600 18 0.0175498 0.0033318 0.00336283 
600 19 0.019378 0.00365926 0.00369357 
600 20 0.0213628 0.00405269 0.00409057 
600 25 0.0328872 0.00623368 0.00629215 
600 30 0.0471026 0.00893299 0.00901685 
600 35 0.0639554 0.0121083 0.0122222 
600 40 0.0834107 0.0158185 0.015967 
600 45 0.105467 0.0196703 0.0198583 
600 50 0.130278 0.0244881 0.0247201 
600 55 0.15725 0.029704 0.0299844 
600 60 0.187185 0.0354461 0.0357799 
