200 1 0.857802 0.172801 0.167361 
200 2 0.214477 0.0432376 0.0418817 
200 3 0.0966049 0.0194414 0.0188323 
200 4 0.0566048 0.0114212 0.0110644 
200 5 0.0392484 0.00789584 0.00764708 
200 6 0.0311514 0.006255 0.00605449 
200 7 0.0276926 0.00553599 0.00535419 
200 8 0.0268141 0.00534309 0.00516295 
200 9 0.0277531 0.00549902 0.00530846 
200 10 0.0298763 0.00595491 0.00574566 
200 11 0.0329881 0.00654665 0.0063123 
200 12 0.0368069 0.00730809 0.00704412 
200 13 0.0414343 0.00822856 0.00792776 
200 14 0.0466063 0.00924826 0.00890741 
200 15 0.0523526 0.010403 0.0100189 
200 16 0.0586998 0.0116488 0.0112153 
200 17 0.0654449 0.0129917 0.0125078 
200 18 0.0727478 0.0144433 0.0139042 
200 19 0.0805414 0.0159928 0.0153939 
200 20 0.0888424 0.0176668 0.017005 
200 25 0.137108 0.0272863 0.0262597 
200 30 0.196776 0.039262 0.0377847 
200 35 0.267425 0.0530221 0.0510086 
200 40 0.349144 0.0695012 0.0668714 
200 45 0.441456 0.0876682 0.0843442 
200 50 0.545641 0.108471 0.10435 
200 55 0.659422 0.130997 0.126028 
200 60 0.785031 0.155863 0.149937 
220 1 0.694064 0.141494 0.138652 
220 2 0.174115 0.0353906 0.0346795 
220 3 0.0783875 0.0159428 0.0156234 
220 4 0.0458541 0.00929573 0.00910874 
220 5 0.0318096 0.0064562 0.00632567 
220 6 0.0252587 0.00511693 0.00501158 
220 7 0.0224147 0.00450324 0.00440774 
220 8 0.0217114 0.00438781 0.0042931 
220 9 0.0224246 0.00453806 0.00443819 
220 10 0.0241126 0.00487325 0.00476386 
220 11 0.0265587 0.0053508 0.00522868 
220 12 0.0296984 0.00596069 0.00582263 
220 13 0.0333751 0.00673949 0.0065827 
220 14 0.0375131 0.00756897 0.00739201 
220 15 0.0421306 0.00849536 0.00829531 
220 16 0.0472109 0.0095079 0.00928289 
220 17 0.0526769 0.0106284 0.0103764 
220 18 0.0585681 0.0117969 0.011516 
220 19 0.0648274 0.0130688 0.0127572 
220 20 0.0714334 0.014375 0.014031 
220 25 0.110317 0.0221859 0.0216528 
220 30 0.15797 0.0316987 0.0309321 
220 35 0.215096 0.0433415 0.0422974 
220 40 0.280486 0.0565831 0.0552204 
220 45 0.354088 0.0714098 0.0696882 
220 50 0.437562 0.0881176 0.0859916 
220 55 0.529185 0.106745 0.104172 
220 60 0.630169 0.127188 0.12412 
240 1 0.567637 0.115467 0.113887 
240 2 0.142373 0.0288644 0.0284688 
240 3 0.0641384 0.0130184 0.0128402 
240 4 0.0375716 0.00760477 0.0075001 
240 5 0.0260685 0.00526662 0.00519343 
240 6 0.0206926 0.00420664 0.00414754 
240 7 0.0183487 0.00368075 0.00362729 
240 8 0.0177789 0.0035865 0.00353349 
240 9 0.0183063 0.00366663 0.00361082 
240 10 0.0196918 0.00397292 0.00391186 
240 11 0.0217082 0.00436644 0.00429819 
240 12 0.0242149 0.00485323 0.00477627 
240 13 0.0271781 0.00546012 0.00537296 
240 14 0.0305935 0.00614144 0.00604282 
240 15 0.0343449 0.00690087 0.00678961 
240 16 0.03841 0.00772552 0.00760058 
240 17 0.0428582 0.00861574 0.00847592 
240 18 0.0475967 0.00956272 0.00940715 
240 19 0.0527075 0.0106162 0.0104436 
240 20 0.0581095 0.0116604 0.0114699 
240 25 0.0896041 0.018007 0.0177119 
240 30 0.128478 0.025776 0.0253522 
240 35 0.174442 0.0353136 0.0347368 
240 40 0.22784 0.0459519 0.0451984 
240 45 0.288319 0.0579553 0.057002 
240 50 0.355751 0.0716465 0.0704684 
240 55 0.430214 0.0866906 0.085265 
240 60 0.51237 0.103193 0.101497 
260 1 0.471836 0.0947519 0.0932022 
260 2 0.11818 0.0238905 0.0235026 
260 3 0.0533593 0.0106846 0.0105098 
260 4 0.0312026 0.00624642 0.00614394 
260 5 0.0216736 0.00431771 0.00424595 
260 6 0.0171558 0.00342144 0.0033636 
260 7 0.0152235 0.00302775 0.00297544 
260 8 0.0147422 0.00291572 0.0028639 
260 9 0.0151998 0.00301303 0.00295831 
260 10 0.0163 0.00322742 0.00316782 
260 11 0.0179253 0.00354254 0.00347592 
260 12 0.0200123 0.00394202 0.00386695 
260 13 0.0224595 0.00444323 0.00435832 
260 14 0.0252606 0.00498226 0.00488617 
260 15 0.0283318 0.00559877 0.00549027 
260 16 0.031741 0.00626898 0.00614719 
260 17 0.0353911 0.00699326 0.00685705 
260 18 0.039345 0.00777726 0.0076255 
260 19 0.0435147 0.00860451 0.0084363 
260 20 0.0479282 0.00947598 0.00929086 
260 25 0.0739489 0.014636 0.0143485 
260 30 0.105928 0.02113 0.0207168 
260 35 0.144011 0.0285179 0.0279562 
260 40 0.187813 0.0373589 0.0366262 
260 45 0.237625 0.0471708 0.0462424 
260 50 0.293388 0.0581095 0.0569637 
260 55 0.355383 0.0703762 0.0689898 
260 60 0.422718 0.0837097 0.0820607 
280 1 0.388132 0.0804554 0.0796935 
280 2 0.097011 0.0200439 0.019853 
280 3 0.0438673 0.00908937 0.00900339 
280 4 0.0256622 0.00531326 0.00526278 
280 5 0.017816 0.00366858 0.00363321 
280 6 0.0141227 0.00289508 0.0028666 
280 7 0.0124921 0.00255127 0.00252545 
280 8 0.0121067 0.00247785 0.00245237 
280 9 0.012461 0.00252008 0.00249329 
280 10 0.0133564 0.00269637 0.00266711 
280 11 0.0146887 0.00299439 0.00296175 
280 12 0.0163941 0.00329471 0.00325794 
280 13 0.0184023 0.00372835 0.00368679 
280 14 0.0206669 0.00417231 0.00412533 
280 15 0.0231711 0.00468058 0.00462769 
280 16 0.0259412 0.00522591 0.00516644 
280 17 0.0289519 0.00585527 0.00578872 
280 18 0.0321314 0.00646261 0.0063885 
280 19 0.0355384 0.0071781 0.00709603 
280 20 0.039208 0.00789902 0.00780833 
280 25 0.0604186 0.0122195 0.0120793 
280 30 0.086511 0.017394 0.0171932 
280 35 0.117723 0.0236996 0.0234257 
280 40 0.153739 0.0310669 0.0307093 
280 45 0.194041 0.0392954 0.038843 
280 50 0.23969 0.048277 0.0477184 
280 55 0.29002 0.0584096 0.0577335 
280 60 0.345024 0.0698356 0.0690308 
300 1 0.321389 0.06623 0.0646308 
300 2 0.080575 0.0166397 0.0162389 
300 3 0.0363549 0.00749855 0.00731784 
300 4 0.0212685 0.00438561 0.00427938 
300 5 0.0147747 0.00302498 0.00295056 
300 6 0.0116948 0.00240149 0.00234151 
300 7 0.0103255 0.00210763 0.0020533 
300 8 0.0100185 0.00204793 0.00199423 
300 9 0.0103045 0.00210777 0.00205136 
300 10 0.0110267 0.00222071 0.00215923 
300 11 0.012135 0.00247402 0.00240543 
300 12 0.0135499 0.00273603 0.00265874 
300 13 0.0152047 0.00307336 0.00298603 
300 14 0.0170698 0.00345381 0.00335512 
300 15 0.0191454 0.00387738 0.00376601 
300 16 0.0214103 0.00434206 0.00421715 
300 17 0.0238499 0.0048346 0.00469532 
300 18 0.0265297 0.00537878 0.00522335 
300 19 0.0293802 0.00595699 0.0057848 
300 20 0.0323597 0.00656314 0.0063731 
300 25 0.0498625 0.0101196 0.00982554 
300 30 0.0714401 0.0145028 0.0140807 
300 35 0.0970608 0.0197042 0.0191307 
300 40 0.126629 0.0257114 0.0249623 
300 45 0.160308 0.0325486 0.0316005 
300 50 0.198005 0.0401972 0.0390272 
300 55 0.239087 0.0485539 0.047138 
300 60 0.284909 0.0578492 0.0561639 
320 1 0.267866 0.055565 0.0542348 
320 2 0.0671619 0.0139314 0.0135981 
320 3 0.0303117 0.00627342 0.00612296 
320 4 0.0177308 0.00367721 0.00358876 
320 5 0.0123029 0.00254704 0.00248509 
320 6 0.00976259 0.0020186 0.00196861 
320 7 0.00862731 0.00177134 0.00172616 
320 8 0.00832406 0.00170489 0.00166027 
320 9 0.00856426 0.00174729 0.0017004 
320 10 0.00917856 0.00187194 0.00182085 
320 11 0.0101052 0.00206922 0.00201224 
320 12 0.0112514 0.0023002 0.0022361 
320 13 0.0126017 0.00257866 0.00250631 
320 14 0.0141592 0.00289953 0.00281766 
320 15 0.0159004 0.00325813 0.00316592 
320 16 0.0178317 0.00365615 0.00355265 
320 17 0.0198786 0.00407241 0.00395677 
320 18 0.0220481 0.00452429 0.00439552 
320 19 0.0244011 0.00500762 0.00486492 
320 20 0.0268622 0.00551184 0.00535448 
320 25 0.0414531 0.00851053 0.00826719 
320 30 0.0593646 0.0121977 0.0118481 
320 35 0.0806708 0.016563 0.0160881 
320 40 0.105117 0.0215893 0.0209696 
320 45 0.1328 0.0272619 0.0264773 
320 50 0.164324 0.0337485 0.0327795 
320 55 0.198931 0.0408531 0.0396812 
320 60 0.236702 0.048597 0.0472023 
340 1 0.223855 0.0469424 0.046109 
340 2 0.056151 0.011721 0.0115121 
340 3 0.0253082 0.00528294 0.00518868 
340 4 0.0148184 0.00308688 0.00303148 
340 5 0.0102817 0.00215207 0.00211321 
340 6 0.00814479 0.001692 0.00166068 
340 7 0.00720294 0.00149525 0.00146693 
340 8 0.00695516 0.00144006 0.00141211 
340 9 0.00715066 0.00148091 0.00145159 
340 10 0.00767439 0.00159302 0.00156106 
340 11 0.00843628 0.00175397 0.00171838 
340 12 0.00939774 0.00195745 0.00191738 
340 13 0.0105634 0.00220033 0.0021551 
340 14 0.0118215 0.00246591 0.00241479 
340 15 0.0132561 0.00276314 0.00270562 
340 16 0.0148765 0.0031007 0.00303613 
340 17 0.0165413 0.00345186 0.00337962 
340 18 0.0183716 0.00382712 0.00374685 
340 19 0.0203277 0.00424518 0.00415611 
340 20 0.022446 0.00468343 0.00458522 
340 25 0.0345984 0.00722761 0.0070756 
340 30 0.0495108 0.0103523 0.0101343 
340 35 0.0672427 0.0140459 0.0137496 
340 40 0.0877625 0.0183367 0.0179497 
340 45 0.11109 0.0232281 0.0227384 
340 50 0.136742 0.0285927 0.0279882 
340 55 0.166087 0.0347003 0.0339685 
340 60 0.197667 0.041329 0.0404581 
360 1 0.187971 0.0392992 0.0389128 
360 2 0.0471369 0.0098626 0.00976569 
360 3 0.0212831 0.00444379 0.00440001 
360 4 0.0124346 0.00260133 0.0025756 
360 5 0.00862892 0.00180527 0.00178723 
360 6 0.00683584 0.00143148 0.00141695 
360 7 0.00605317 0.00127103 0.00125789 
360 8 0.00584101 0.00122787 0.0012149 
360 9 0.0060125 0.00126485 0.00125125 
360 10 0.00644176 0.00135977 0.00134495 
360 11 0.00707928 0.00149187 0.00147535 
360 12 0.00788813 0.00166648 0.00164793 
360 13 0.00882679 0.00187937 0.00185852 
360 14 0.00993049 0.00210282 0.00207916 
360 15 0.0111306 0.00235437 0.00232775 
360 16 0.0124663 0.00263598 0.00260606 
360 17 0.0138939 0.00293916 0.00290576 
360 18 0.0154315 0.00326887 0.00323169 
360 19 0.0170667 0.00361572 0.00357453 
360 20 0.0188083 0.00397913 0.00393366 
360 25 0.0290174 0.0061323 0.00606191 
360 30 0.0414621 0.00878712 0.00868642 
360 35 0.0563534 0.0119432 0.0118063 
360 40 0.0735928 0.0155968 0.0154179 
360 45 0.0930367 0.0197255 0.0194994 
360 50 0.115093 0.0243997 0.0241203 
360 55 0.138754 0.0294191 0.029081 
360 60 0.165201 0.0350347 0.0346325 
380 1 0.158794 0.0336895 0.0334467 
380 2 0.0397995 0.0084382 0.0083773 
380 3 0.01798 0.00381374 0.00378626 
380 4 0.0105323 0.0022343 0.00221814 
380 5 0.00729052 0.00154774 0.00153641 
380 6 0.00577741 0.00122843 0.0012193 
380 7 0.00510919 0.00108757 0.00107932 
380 8 0.004927 0.00104958 0.00104143 
380 9 0.00506521 0.00108282 0.00107427 
380 10 0.00542534 0.00116075 0.00115146 
380 11 0.00596279 0.00127438 0.00126404 
380 12 0.0066421 0.00142391 0.00141227 
380 13 0.00744664 0.00159653 0.00158339 
380 14 0.00836391 0.00179455 0.00177972 
380 15 0.00938222 0.00201393 0.00199722 
380 16 0.0104629 0.00224731 0.00222856 
380 17 0.0116813 0.00250519 0.00248427 
380 18 0.013004 0.00278827 0.00276496 
380 19 0.0143476 0.00308017 0.00305436 
380 20 0.0158593 0.00340673 0.00337826 
380 25 0.02436 0.00523458 0.00519058 
380 30 0.0349548 0.00750745 0.00744434 
380 35 0.0474208 0.0101867 0.010101 
380 40 0.0619072 0.0133092 0.0131972 
380 45 0.0783501 0.0168432 0.0167013 
380 50 0.0966437 0.0207807 0.0206057 
380 55 0.117205 0.0251867 0.0249751 
380 60 0.138877 0.0298552 0.0296033 
400 1 0.133651 0.0288839 0.0286785 
400 2 0.033578 0.00725613 0.00720466 
400 3 0.0151678 0.00327585 0.0032526 
400 4 0.0088638 0.00191535 0.00190166 
400 5 0.00615074 0.00133098 0.00132138 
400 6 0.00486414 0.00105231 0.00104459 
400 7 0.00430692 0.000933687 0.000926711 
400 8 0.00414905 0.000902855 0.00089597 
400 9 0.00426766 0.000928877 0.000921659 
400 10 0.00457237 0.000997448 0.000989589 
400 11 0.00501389 0.00109366 0.00108494 
400 12 0.00558525 0.00121917 0.00120936 
400 13 0.00626492 0.0013707 0.00135961 
400 14 0.00703092 0.00153902 0.00152652 
400 15 0.0078849 0.00172532 0.00171122 
400 16 0.00882248 0.00193054 0.00191474 
400 17 0.00983209 0.0021499 0.00213224 
400 18 0.0109314 0.00239283 0.00237318 
400 19 0.0120626 0.00264347 0.0026217 
400 20 0.0132886 0.00291116 0.00288714 
400 25 0.0204989 0.00448706 0.00444997 
400 30 0.0293465 0.00642108 0.00636789 
400 35 0.039907 0.00874524 0.00867292 
400 40 0.052026 0.0113947 0.0113002 
400 45 0.0658612 0.014457 0.0143373 
400 50 0.0812168 0.0177957 0.0176482 
400 55 0.0982769 0.0215441 0.0213656 
400 60 0.116889 0.02561 0.0253977 
420 1 0.113045 0.0249249 0.0247119 
420 2 0.0283197 0.00623895 0.00618553 
420 3 0.0128195 0.00282314 0.00279901 
420 4 0.00748294 0.00164968 0.00163549 
420 5 0.00518736 0.00114402 0.00113408 
420 6 0.00411304 0.000910101 0.000902078 
420 7 0.00363032 0.000803655 0.000796421 
420 8 0.00350254 0.000776703 0.000769571 
420 9 0.00359601 0.000799007 0.000791542 
420 10 0.00384614 0.000856822 0.000848703 
420 11 0.00423103 0.0009409 0.000931862 
420 12 0.00470687 0.00105072 0.00104056 
420 13 0.00527297 0.00117748 0.001166 
420 14 0.00592245 0.00132344 0.00131049 
420 15 0.00663648 0.00148246 0.00146789 
420 16 0.00742672 0.00165933 0.00164298 
420 17 0.00828042 0.00185324 0.00183496 
420 18 0.00919397 0.00205452 0.00203418 
420 19 0.0101726 0.00227542 0.00225291 
420 20 0.011194 0.00250239 0.00247754 
420 25 0.0172574 0.00385921 0.00382083 
420 30 0.0247356 0.00552875 0.00547368 
420 35 0.0335459 0.00749701 0.00742218 
420 40 0.0438373 0.00981139 0.00971369 
420 45 0.0553791 0.0123937 0.0122701 
420 50 0.0683943 0.0153127 0.0151602 
420 55 0.0827614 0.0185148 0.0183301 
420 60 0.0984132 0.0220245 0.021805 
440 1 0.0963031 0.0215871 0.0213753 
440 2 0.0241983 0.00542368 0.0053706 
440 3 0.0108797 0.00244111 0.00241711 
440 4 0.00638854 0.00143194 0.00141783 
440 5 0.00442881 0.000994563 0.00098466 
440 6 0.003508 0.000788603 0.000780632 
440 7 0.00309636 0.000694285 0.000687099 
440 8 0.00298532 0.000673236 0.00066614 
440 9 0.00306313 0.000691905 0.000684497 
440 10 0.00328096 0.000743139 0.000735066 
440 11 0.00359686 0.000816038 0.000807065 
440 12 0.00401083 0.000910601 0.000900494 
440 13 0.0044926 0.00102007 0.00100867 
440 14 0.00504216 0.00114445 0.0011316 
440 15 0.00565516 0.0012832 0.00126873 
440 16 0.00631888 0.00143614 0.0014199 
440 17 0.00704751 0.00160312 0.001585 
440 18 0.00782179 0.00177498 0.00175481 
440 19 0.00865293 0.00196638 0.00194405 
440 20 0.0095361 0.00217094 0.00214629 
440 25 0.0146761 0.00334158 0.00330346 
440 30 0.021048 0.00478842 0.00473379 
440 35 0.0285424 0.00649231 0.00641818 
440 40 0.0372577 0.00848075 0.00838392 
440 45 0.0471766 0.01073 0.0106074 
440 50 0.0581866 0.0131956 0.0130445 
440 55 0.0703983 0.0160146 0.0158314 
440 60 0.0837417 0.0190545 0.0188367 
460 1 0.0824013 0.0185422 0.018509 
460 2 0.0207057 0.00465646 0.00464815 
460 3 0.00932762 0.00209909 0.00209534 
460 4 0.00546098 0.00122994 0.00122773 
460 5 0.00378067 0.00085119 0.000849645 
460 6 0.00299183 0.000675141 0.000673897 
460 7 0.00264574 0.000599224 0.000598098 
460 8 0.00254687 0.00057599 0.000574883 
460 9 0.00261448 0.000592399 0.000591239 
460 10 0.00279803 0.000637142 0.000635881 
460 11 0.00306752 0.000696978 0.000695582 
460 12 0.0034206 0.000778966 0.000777391 
460 13 0.00382936 0.000872302 0.000870528 
460 14 0.00429343 0.000979377 0.000977372 
460 15 0.0048127 0.00109817 0.00109591 
460 16 0.0053812 0.00122944 0.00122691 
460 17 0.00600095 0.00137136 0.00136854 
460 18 0.0066631 0.00152387 0.00152072 
460 19 0.00737155 0.00168834 0.00168485 
460 20 0.00812009 0.00185861 0.00185477 
460 25 0.0125003 0.00289324 0.00288731 
460 30 0.0179125 0.00409985 0.00409134 
460 35 0.0243197 0.00557077 0.00555918 
460 40 0.0317483 0.00729156 0.00727647 
460 45 0.0401369 0.00923467 0.00921558 
460 50 0.0495059 0.0113615 0.0113379 
460 55 0.0599162 0.0137534 0.0137248 
460 60 0.0712844 0.0163219 0.016288 
480 1 0.0708037 0.0158761 0.0169284 
480 2 0.0177307 0.00397728 0.00424107 
480 3 0.00800334 0.00179412 0.00191322 
480 4 0.0046858 0.00104968 0.00111982 
480 5 0.00324616 0.000728142 0.000777232 
480 6 0.00256603 0.000576523 0.000615977 
480 7 0.0022732 0.000512065 0.000547836 
480 8 0.00218129 0.000492723 0.000527793 
480 9 0.00223563 0.000505988 0.000542636 
480 10 0.0023928 0.000545398 0.000585202 
480 11 0.00262095 0.000600675 0.000644863 
480 12 0.0029201 0.000671785 0.000721584 
480 13 0.00326721 0.000753365 0.000809477 
480 14 0.00366504 0.000846255 0.000909556 
480 15 0.00411083 0.000949616 0.00102081 
480 16 0.00459719 0.00106202 0.00114181 
480 17 0.00511674 0.00118205 0.00127113 
480 18 0.00568425 0.00131255 0.00141163 
480 19 0.00628904 0.00145511 0.00156488 
480 20 0.00692426 0.00160446 0.00172545 
480 25 0.01067 0.00249274 0.00267966 
480 30 0.0152733 0.00352218 0.00379047 
480 35 0.0207373 0.00477945 0.00514365 
480 40 0.0270729 0.00626788 0.00674325 
480 45 0.0342421 0.00794394 0.00854591 
480 50 0.0422284 0.0098026 0.0105455 
480 55 0.0511248 0.011864 0.0127635 
480 60 0.0608161 0.0141012 0.0151703 
500 1 0.0611415 0.0144653 0.0144653 
500 2 0.0153461 0.00361698 0.00361698 
500 3 0.00691984 0.00163697 0.00163697 
500 4 0.00404972 0.000957711 0.000957712 
500 5 0.00280073 0.000664384 0.000664384 
500 6 0.00221619 0.000525001 0.000525002 
500 7 0.00194911 0.000467541 0.000467541 
500 8 0.00187786 0.000455799 0.000455799 
500 9 0.00192213 0.000467711 0.000467711 
500 10 0.00205274 0.000499593 0.000499593 
500 11 0.00225146 0.000551473 0.000551473 
500 12 0.00250592 0.000616049 0.000616049 
500 13 0.00280393 0.000691252 0.000691252 
500 14 0.0031502 0.000777653 0.000777653 
500 15 0.00352708 0.00087133 0.00087133 
500 16 0.00394146 0.000977728 0.000977728 
500 17 0.00439579 0.00108628 0.00108628 
500 18 0.00488158 0.00120966 0.00120966 
500 19 0.00539524 0.00133938 0.00133938 
500 20 0.00594828 0.00147521 0.00147521 
500 25 0.00915037 0.00227151 0.00227151 
500 30 0.0130962 0.00323103 0.00323103 
500 35 0.017822 0.00443032 0.00443032 
500 40 0.0232148 0.00575231 0.00575231 
500 45 0.029377 0.00729388 0.00729388 
500 50 0.0362643 0.00900892 0.00900892 
500 55 0.0438684 0.0108946 0.0108946 
500 60 0.0521947 0.0129529 0.0129529 
520 1 0.0525292 0.0125929 0.0121962 
520 2 0.0132028 0.00316447 0.00306481 
520 3 0.00593904 0.00142253 0.00137767 
520 4 0.00347503 0.000832807 0.000806447 
520 5 0.00241013 0.000580357 0.000561851 
520 6 0.0019041 0.000462844 0.000447948 
520 7 0.00167375 0.000406133 0.000392772 
520 8 0.00161245 0.000396749 0.000383569 
520 9 0.00165115 0.000406924 0.000393202 
520 10 0.00176132 0.000434238 0.000419342 
520 11 0.00193363 0.00048383 0.00046722 
520 12 0.00215008 0.000540176 0.00052149 
520 13 0.00240798 0.000602333 0.000581299 
520 14 0.0026974 0.000679422 0.00065577 
520 15 0.00302345 0.000761759 0.000735128 
520 16 0.00338013 0.000851441 0.00082156 
520 17 0.00376743 0.000948469 0.000915068 
520 18 0.00418204 0.00105588 0.00101869 
520 19 0.0046279 0.00116666 0.00112549 
520 20 0.00509687 0.00128328 0.00123787 
520 25 0.00784583 0.00198157 0.00191143 
520 30 0.0112427 0.00281286 0.0027123 
520 35 0.0152545 0.00385121 0.00371472 
520 40 0.0198868 0.0050393 0.00486118 
520 45 0.0251755 0.00634765 0.00612215 
520 50 0.0310625 0.00783993 0.00756099 
520 55 0.0375771 0.00951516 0.00917826 
520 60 0.0447006 0.0112633 0.0108629 
540 1 0.045109 0.0111708 0.0113533 
540 2 0.0113318 0.00279599 0.00284177 
540 3 0.00510218 0.00126347 0.00128418 
540 4 0.00298387 0.000740194 0.000752389 
540 5 0.00206578 0.000512539 0.000521056 
540 6 0.00163401 0.000409272 0.000416096 
540 7 0.00143878 0.000363365 0.000369511 
540 8 0.00138088 0.000350672 0.000356721 
540 9 0.00141352 0.00036319 0.000369482 
540 10 0.00151063 0.000387759 0.000394583 
540 11 0.00165539 0.000427913 0.000435511 
540 12 0.00183824 0.000477137 0.000485654 
540 13 0.00206185 0.00053641 0.000546041 
540 14 0.00231184 0.000598664 0.000609553 
540 15 0.00258792 0.000674078 0.000686273 
540 16 0.00289307 0.00075345 0.000767146 
540 17 0.0032288 0.000840359 0.0008557 
540 18 0.00358223 0.000931315 0.000948349 
540 19 0.00396561 0.00103381 0.00105273 
540 20 0.00436669 0.00114035 0.00116121 
540 25 0.00672193 0.00175545 0.00178763 
540 30 0.00962094 0.00251226 0.00255838 
540 35 0.0130712 0.00341231 0.00347499 
540 40 0.0170739 0.00447478 0.00455666 
540 45 0.0215497 0.00561925 0.00572286 
540 50 0.0266217 0.00698146 0.00710927 
540 55 0.0322025 0.00839641 0.00855099 
540 60 0.0383098 0.0100157 0.0101996 
560 1 0.0388317 0.00984415 0.0100026 
560 2 0.00974423 0.00247683 0.00251654 
560 3 0.00439202 0.00111235 0.00113028 
560 4 0.0025655 0.000652354 0.000662878 
560 5 0.00177543 0.000452723 0.00046008 
560 6 0.00140516 0.000363307 0.000369251 
560 7 0.00124125 0.000320397 0.000325756 
560 8 0.00118816 0.000308102 0.000313315 
560 9 0.00121646 0.000316201 0.000321658 
560 10 0.00129983 0.000341621 0.000347565 
560 11 0.00142125 0.000376237 0.000382815 
560 12 0.00158337 0.000421051 0.000428456 
560 13 0.00176914 0.000467936 0.000476268 
560 14 0.00198633 0.00053007 0.000539474 
560 15 0.00222297 0.000589702 0.000600275 
560 16 0.00248682 0.000660007 0.000671895 
560 17 0.00277257 0.000738985 0.000752238 
560 18 0.00307712 0.000819487 0.00083425 
560 19 0.00340357 0.000908662 0.000924984 
560 20 0.0037488 0.000999361 0.00101739 
560 25 0.00577138 0.00154053 0.00156835 
560 30 0.00826814 0.00220856 0.00224852 
560 35 0.0112128 0.00300039 0.00305467 
560 40 0.0146333 0.00389537 0.00396612 
560 45 0.0185215 0.00494508 0.00503458 
560 50 0.0228298 0.00610175 0.0062122 
560 55 0.0276415 0.00738388 0.00751762 
560 60 0.0329209 0.00882073 0.00898005 
580 1 0.0335927 0.0088018 0.00891734 
580 2 0.00843018 0.00221547 0.00224443 
580 3 0.00380224 0.00100253 0.00101561 
580 4 0.0022226 0.000584339 0.000592031 
580 5 0.00153762 0.000405629 0.000411017 
580 6 0.00121551 0.000321532 0.000325851 
580 7 0.00106562 0.000284665 0.000288531 
580 8 0.00102521 0.000275678 0.000279504 
580 9 0.00105086 0.000283016 0.000287006 
580 10 0.00112152 0.000305484 0.000309803 
580 11 0.00123295 0.000338468 0.00034328 
580 12 0.00136807 0.000373686 0.000379075 
580 13 0.00153045 0.000419816 0.000425904 
580 14 0.00171483 0.000474778 0.000481606 
580 15 0.00192392 0.00052944 0.000537174 
580 16 0.00214906 0.000594918 0.000603557 
580 17 0.00239892 0.000660098 0.000669805 
580 18 0.00266219 0.000735053 0.000745789 
580 19 0.00294092 0.000814716 0.000826604 
580 20 0.0032391 0.000892001 0.000905123 
580 25 0.00498417 0.00138026 0.0014005 
580 30 0.00713689 0.00197368 0.00200268 
580 35 0.00969488 0.00268294 0.00272234 
580 40 0.0126238 0.00348687 0.00353841 
580 45 0.0160067 0.00443502 0.0045003 
580 50 0.0197417 0.005437 0.00551746 
580 55 0.023899 0.0066226 0.00671996 
580 60 0.0284082 0.00786203 0.00797774 
600 1 0.0289711 0.00786914 0.00798167 
600 2 0.00726786 0.0019717 0.00199992 
600 3 0.00328031 0.000889519 0.00090228 
600 4 0.00191995 0.000524805 0.000532322 
600 5 0.00132674 0.000361222 0.000366465 
600 6 0.00104625 0.000286033 0.000290256 
600 7 0.000920234 0.00025424 0.000257999 
600 8 0.000884323 0.000246017 0.000249729 
600 9 0.000903909 0.000252872 0.000256723 
600 10 0.000967062 0.000272007 0.00027623 
600 11 0.00106102 0.000298031 0.000302718 
600 12 0.00117943 0.000333312 0.000338556 
600 13 0.00131813 0.00037397 0.000379864 
600 14 0.00147712 0.000420006 0.000426642 
600 15 0.0016547 0.000467834 0.000475351 
600 16 0.00184839 0.00052658 0.000534979 
600 17 0.00205809 0.000586059 0.000595432 
600 18 0.00228809 0.000650914 0.000661355 
600 19 0.00252823 0.000718459 0.000730013 
600 20 0.00278535 0.000794397 0.000807158 
600 25 0.00428544 0.0012224 0.00124207 
600 30 0.00614077 0.00175624 0.0017845 
600 35 0.00833587 0.00237937 0.0024177 
600 40 0.0109082 0.00311731 0.00316742 
600 45 0.0137708 0.00395205 0.00401539 
600 50 0.0169838 0.00484258 0.00492077 
600 55 0.0205539 0.00586447 0.00595908 
600 60 0.0244361 0.00697019 0.00708277 
